{
"inh shaft": (-2.01288, 0.606754),
"SiS": {
"Dss": (4.53309, 0.526501),
"Vh": (-2.84134 , 0.943684),
"A1": (-2.41469 , 0.880351),
"Ah": (0.87295, 0.664336),
"Rh":  (1.92772, 0.604723),
"Rn":(4.03436, 1.00208)
},
"DiS": {
"Dss": (4.56591 ,0.477682),
"Vh": (-2.0554,0.742202),
"A1": (-1.67118,0.63047),
"A2": ( -2.54262,0.531551),
"Ah": ( 1.42457,0.522589),
"Rh": (1.59667,0.436302),  
"Rn": (3.89941,1.13159)
},
}
